20
69
0 11 425
1 15 250
2 12 684
3 19 94
4 6 566
5 8 79
4 7 336
5 9 384
10 19 546
0 13 712
14 17 110
10 16 193
6 18 412
9 10 315
8 17 130
5 15 306
1 7 611
10 17 125
4 10 175
2 18 436
0 9 641
0 10 353
4 19 448
7 16 193
7 9 165
0 14 426
8 13 421
1 18 644
12 19 96
4 14 221
0 19 598
8 19 381
11 17 202
8 9 241
9 16 347
7 8 343
1 13 555
7 17 243
13 18 544
12 14 445
0 1 312
9 14 330
16 19 333
2 16 381
8 16 317
6 16 494
1 5 227
3 4 467
7 11 345
3 16 310
7 13 460
15 17 426
3 7 87
1 19 592
17 18 276
3 6 203
7 12 224
7 18 116
2 13 742
0 5 223
11 14 110
6 19 117
1 17 444
1 11 616
1 4 387
15 16 552
13 19 286
10 14 132
1 12 688


5
5
0 1 265
1 2 296
1 3 210
0 4 421
0 3 96





